3734886533689170772739218102580662648467280069389195761659391106043658754818780
4120205672412906615281858020430213644910756018882059278532785640562018060023367
4572169743900435548449596035949444131927562746310716744658441728391909460801852
7502042641578156234759287771661405739096699417152380372903205255184031769772812
2270576372717890737979272833148373739402221068462259340946089914921572989366044
9879190304081756908974683756360605991570596544979584058006025976914189917916870
9829849950859274676296100051383108716437827212732375799502205948425696938816173
4956152130509488834943754158552823885814719243995667299055486166221739936656082
7752879359903954351563612206306195615725465935659508264619841213908684464007337
1772300728387714582246210170051430892951076234607040673198865508463361906481567
6685575190489943001325896433461504073902782676084314570657680151520909130691046
7597301164965940030422361339064091560254247749425676426376750465322552981591626
3491128397701235969879456743091172435731558817167662670870540514340251082991520
3447979185588287079816789288931343913137049997994738004754584513375694179868731
0886558131541366825284887696623536107471474208146843419499795054908829036144985
3982408369099427724027497509911158168274626500279719202019454778840187427295753
0538423312891262842385308929770002012098482143881719737449502188354465574823411
0230868405630074802237513544924558775640122581542904548662753232994366232067446
9373023625896925204552946055040791311949682279711178585346312301884468332910270
3127516548688579368816864313013221695269728797582359957284247446290466346686822
6354387605200383639272117255961473561875797046657067492024934033106763166077075
3507615686843096789367287899390145735698826092908401616633293818480067966228906
3050350670387730693396900927242900665310649152025349279157522927018700009764033
3261477357871692209965421383512314999959939778358678928856099598014341746165910
3699289566787287292793375074595553514239856187500517148534928400854537614385740
3349848095877653424693998488415632505590923848982701236709609537648129861705120
2492255866817377808417711647611572203659902060718691558381262914692295758790151
0725238724887751666283819249187455690007290076293992872962195691401254574205782
9964694305126569874266057844611800010281147680446777971432257402668206717832588
0872674801402661776516584248513687621101933843907477130703779973885441141364722
8808513687570933131364763352030080614959457786453167045902179674559934325308895
1995274684920398821668555690805791305800593462612567923700899985736836011014755
4673531216570197675966189206290600734202280732335040541373961858271336246773262
2619270106613048616629958914245433889597361259045344414904158695893458529047907
6503299255073856512682079448246126545850326639225176698994089168538684428605305
7761215050671011551248124590907832927169755554316304289237156025041800479143944
3242657723072881559271433850436705489642710384894779348346586366565546618163877
2935996765272733967830336900238324773197986087289526068699897515488697263512471
5197210261576176557258677833924466497765751804084269384761215059872799725013173
0643821107285493058104279228746856762354840486267099474601156234496701451491641
0241999137446197296114419437342952971606469665904637178243493588681694720506930
2952915494565270934572853664192208605483217890230572877107457146433278858072162
7126154880692597119357542823777393202797404579671873349041168257528793748486880
3545893331189287561232218141272211456944472550662816972755839541038308269640678
7443648920598781771027934179808925208542802362049955687400423686480026291233908
0693861510974802125562568036033378680117045755670566498662964891254533749689521
0426887467407716031168903490718683895505655117893413705447454337803610158835881
3611966142491451457187010996283817558026966689502869286258830502020453054727459
7807590362422691963784874719081728491725391349878860013288547259556888306583893
9865518602493434756188386432516277873517693866052904575066438787024798019486546
2313947927803771382552994557136244062422248604073492622845646690059105636017080
2850792724486655061709601952901398555844171111254865192169113709821564711152958
3303759657944592757680741655265754374571250611933109450125973886695803438537921
5251775421692816817786034369663717683924432107799804108631501570855451903696468
0834473810314029057282375638221804170366715021719364602282492985543864439969767
8177468905341275498232396366457970278958563003389325244923732787561973030150486
3274288430229904688597680865018510847434258951274773291799414638012232962577756
1271166377225570123529611949171123273686844822149791279253218190841613020413038
1938697750244623627045101315981783185435573524076902460631962023890323948739168
3562132717306590932566962885764296068270255871926261551073096662732015484688285
6177906777412660118264353481086086347597866477751745435226282144565633575497986
4290604035986790468321924232774923390121747656967310539705244125134672309741816
2234197048495191269796762903062999274882407832682297815955838148220134395406721
9238411423686711723026769621807276566190454474217228232070653597683040701727872
1195119952210777600969696811810218933555792326544781310615569982395837269557827
5851566445208539255618878243869331593689657581753322409304259084797911173070167
9903106444998242208510538106907354072646920317196479427852930548415473562478402
0246578160194987692263600321064105319574785331384469060122958057605563904397424
9554852575533021148910105341619932934807978758627837926289280040750642140984929
0051636800116573621051973127334966920183879309221537921117998156710612048028099
9323113029963797751177886224810915948290951629700186353665017279023228935416519
5579747753858857106161004412568066401867371119603972903625228219871255865036815
4175428555617233807599103924874099513186942017667066444701398357833060389810810
6394074903713141901984656351997690576758000358053111031510379495329763835419180
8872296808602990962500650734323268242349645154284286407362555350778378143063585
2384421073372897795154606862400149565642247980057089350778705696263720109108663
2379681603856964147829650407612317547101795477088264245252321631840882769707051
1236133317323715850049882992132886600971675036008980336622251813756939948277371
3783096716978842749652672636991520030732420819082482083482073838399273486183967
1135103978284274843357190838131900585356163205100753919624516169501284025359059
0945536658175873826665246138446841638650896130485585351963038712202104248902333
0751359628869660498684247551172208403797135561460728150859584931519159815646848
7891691592490544077811923211890053267453414020535250938434818424821045146956882
8974554281872058087446277219045568523380245450061354488061924505930261793582295
8465541501266613950685912961020350322432908797400381262524350728284351375585640
3438387939208442598465420801428533502618868074855911842568400119839180405913264
0664800621953279643318287919347255919595236781248259658942634768952323147421397
5401700294268578202294587747166423129747133315973222416621677898953321420284058
1742341937759154998463605548838802948931921359242561266961489420667078938379598
3083892062933652051249377031884236683929897709452686530496859643273824663055968
3221248868758186026238090933960889046856072180599969368373343909452508895936622
0358563540679953245668121714601435613701785228994321566646429166966945856509346
7235976111656344211958391067502164233438855666471676481836173686434909732196470
5896597959796074669339243312066268041913338273324607684215419578225034991582633
2681398097780077312080818792085685640672739677924235221816530967068690030820024
5108381031148007996652989915951117218406722632864548709588024393291581413393349
4772027182487037605901777442698030604771702281165823342465166035023286390447682
5970183987242381556485155941050878140946263212909275184723801617718557323378113
7828593237003567843068199875151956511434123280979968627836226326183774195718545
1853728919236395509516577322145831223210795994231980103830311453257786914395736
