0279419877900290683201882404603877294140324162059622373469135716163412353436099
1318478474003189068148460442616384738439636233099210505069252445687624449794226
7568537080706426545596645301725594003002319383654301944686779549730257651939113
9094485006932035623213089298095445779675748431693896261264595836508396572981766
9768506808522515164079425005413052543645644223049877097930555072868947445197050
2127768215014253323618126464718360611528806770513569496990077876971439122325239
2940605314634613533274628824935441775107202797066503064899257188439292493813435
0283732309289970587401658894406828917990864911343514678873800952225857861236180
6856625546337593512672530046541143666883446052905664945084618753466988417378315
6584996509029097257213130536661823551000717755588099351273491002178710174749218
